1702315977105 0.7117919921875 0
1702315978972 0.6639285087585449 0
1702315981131 0.6149223446846008 0
1702315982808 0.5752047300338745 0
1702315984676 0.5408980250358582 0
1702315986471 0.5066542625427246 0
1702315988228 0.4747409522533417 0
1702315990282 0.4477379024028778 0
1702315992972 0.4241945743560791 0
1702315995152 0.40434950590133667 0
1702315996857 0.38155031204223633 0
1702315998694 0.3663620948791504 0
1702316000699 0.34615185856819153 0
1702316002293 0.33674198389053345 0
1702316004328 0.3213687837123871 0
1702316006147 0.3154538869857788 0
1702316007866 0.2991276681423187 0
1702316009650 0.29156842827796936 0
1702316011333 0.2841579020023346 0
1702316012952 0.27354922890663147 0
1702316014559 0.2753307819366455 0
1702316016260 0.2648182213306427 0
1702316017863 0.2606419324874878 0
1702316019580 0.2465447634458542 0
1702316021215 0.24559901654720306 0
1702316022816 0.23897068202495575 0
1702316024499 0.24292191863059998 0
1702316026325 0.23419415950775146 0
1702316028122 0.23014827072620392 0
1702316029754 0.22773553431034088 0
1702316031748 0.21986456215381622 0
