1702313261243 0.6867562532424927 0
1702313261321 0.6474253535270691 0
1702313261395 0.6023030877113342 0
1702313261470 0.5664454102516174 0
1702313261546 0.5321978330612183 0
1702313261620 0.4987417757511139 0
1702313261696 0.4684179723262787 0
1702313261772 0.44410887360572815 0
1702313261848 0.42526373267173767 0
1702313261924 0.3999321460723877 0
1702313261999 0.383450984954834 0
1702313262075 0.3648800551891327 0
1702313262152 0.3514842987060547 0
1702313262229 0.3351079225540161 0
1702313262305 0.32951369881629944 0
1702313262381 0.3112489581108093 0
1702313262460 0.30310899019241333 0
1702313262535 0.29016929864883423 0
1702313262613 0.2877499759197235 0
1702313262689 0.27739155292510986 0
1702313262767 0.2715092599391937 0
1702313262846 0.2595893442630768 0
1702313262923 0.25214865803718567 0
1702313263001 0.2487052083015442 0
1702313263078 0.243749737739563 0
1702313264419 0.2344537377357483 0
1702313264500 0.23846502602100372 0
1702313264629 0.23056522011756897 0
1702313265543 0.2263621687889099 0
1702313265620 0.22108161449432373 0
1702313265808 0.21812814474105835 0
1702313266194 0.21323813498020172 0
1702313266376 0.20429567992687225 0
1702313266455 0.2032783031463623 0
1702313266535 0.198894202709198 0
1702313266615 0.19857153296470642 0
1702313266694 0.19662703573703766 0
1702313268409 0.19258098304271698 0
1702313268878 0.19191506505012512 0
1702313269065 0.18670415878295898 0
1702313270013 0.18676665425300598 0
1702313270094 0.17969447374343872 0
1702313270175 0.1815745234489441 0
1702313270891 0.17662234604358673 0
1702313270972 0.17492713034152985 0
1702313271055 0.16902807354927063 0
1702313271133 0.16978584229946136 0
1702313271219 0.1680702567100525 0
1702313271304 0.15935951471328735 0
1702313273294 0.16045597195625305 0
1702313273375 0.15724942088127136 0
1702313273455 0.1561882644891739 0
1702313273891 0.1552397906780243 0
1702313273969 0.15253102779388428 0
1702313274816 0.148856520652771 0
1702313274895 0.15175753831863403 0
1702313274974 0.14394094049930573 0
1702313275404 0.15020740032196045 0
1702313275482 0.14512841403484344 0
1702313275558 0.1391199380159378 0
1702313275638 0.13615083694458008 0
1702313277827 0.13469675183296204 0
1702313277908 0.1334611028432846 0
1702313277985 0.13133001327514648 0
1702313278064 0.13473771512508392 0
1702313278142 0.12794627249240875 0
1702313279376 0.12656331062316895 0
1702313279454 0.12357501685619354 0
1702313279533 0.13028545677661896 0
1702313280161 0.12678270041942596 0
1702313280240 0.12402072548866272 0
1702313280318 0.12648475170135498 0
1702313280396 0.12101467698812485 0
1702313282297 0.11803659051656723 0
1702313282376 0.11461716890335083 0
1702313282455 0.11811339855194092 0
1702313282533 0.11223835498094559 0
1702313282610 0.112314373254776 0
1702313283811 0.1108730360865593 0
1702313283892 0.10914435982704163 0
1702313283972 0.11380919814109802 0
1702313284052 0.1091487780213356 0
1702313284130 0.10440731048583984 0
1702313284207 0.10987542569637299 0
1702313284282 0.10222738236188889 0
1702313286828 0.10117688775062561 0
1702313286909 0.10310903191566467 0
1702313286990 0.09928226470947266 0
1702313287069 0.09824414551258087 0
1702313287151 0.09525053948163986 0
1702313288495 0.09789713472127914 0
1702313288573 0.0955575704574585 0
1702313288652 0.09418371319770813 0
1702313288732 0.09383467584848404 0
1702313288812 0.0979921966791153 0
1702313288889 0.09209474921226501 0
1702313288966 0.08814102411270142 0
1702313291644 0.0885060578584671 0
1702313291728 0.0880100280046463 0
1702313291805 0.08775854110717773 0
1702313291883 0.09177179634571075 0
1702313291959 0.08476011455059052 0
1702313293188 0.08708775788545609 0
1702313293267 0.08433547616004944 0
1702313293344 0.08449490368366241 0
1702313293421 0.07853515446186066 0
1702313293497 0.07757575809955597 0
1702313293575 0.08179168403148651 0
1702313293653 0.07677356898784637 0
1702313295945 0.07595783472061157 0
1702313296032 0.0759173259139061 0
1702313296116 0.07377398759126663 0
1702313296194 0.08008527010679245 0
1702313296270 0.07912576198577881 0
1702313297825 0.07403666526079178 0
1702313297905 0.0767209380865097 0
1702313297983 0.07424012571573257 0
1702313298060 0.06985470652580261 0
1702313298139 0.07369206845760345 0
1702313298217 0.07190226018428802 0
1702313298294 0.06987285614013672 0
1702313300442 0.06768997758626938 0
1702313300525 0.06554538011550903 0
1702313300601 0.06678423285484314 0
1702313300680 0.06808699667453766 0
1702313300756 0.06413324177265167 0
1702313301954 0.06442999839782715 0
1702313302031 0.06269973516464233 0
1702313302109 0.06516074389219284 0
1702313302187 0.062249697744846344 0
1702313302267 0.061600856482982635 0
1702313302345 0.060109902173280716 0
1702313302422 0.06191492825746536 0
1702313304947 0.060112364590168 0
1702313305030 0.06359953433275223 0
1702313305111 0.05998843163251877 0
1702313305188 0.06272673606872559 0
1702313305266 0.06055588275194168 0
1702313305945 0.06906922161579132 0
1702313306025 0.05703385919332504 0
1702313306106 0.059158653020858765 0
1702313306183 0.05510490760207176 0
1702313306263 0.054772138595581055 0
1702313306342 0.05714157223701477 0
1702313306420 0.05526015907526016 0
1702313309591 0.05834396183490753 0
1702313309674 0.05528893321752548 0
1702313309756 0.05217549204826355 0
1702313309831 0.05595947057008743 0
1702313309911 0.05136848986148834 0
1702313309988 0.0577993243932724 0
1702313310064 0.0490691103041172 0
1702313310141 0.05754965543746948 0
1702313310218 0.05261899530887604 0
1702313310297 0.04768502712249756 0
1702313310374 0.04802145063877106 0
1702313310453 0.05199405550956726 0
1702313313759 0.04920891299843788 0
1702313313837 0.05090281367301941 0
1702313314085 0.04695529490709305 0
1702313314161 0.04978570714592934 0
1702313314242 0.04582159221172333 0
1702313314321 0.04549612104892731 0
1702313314398 0.04603585600852966 0
1702313314476 0.04512172192335129 0
1702313314555 0.04637254402041435 0
1702313314635 0.046685054898262024 0
1702313314716 0.048270903527736664 0
1702313314797 0.04439948499202728 0
1702313318640 0.04460403323173523 0
1702313318722 0.047119010239839554 0
1702313319204 0.042374417185783386 0
1702313319284 0.04534374549984932 0
1702313319362 0.041398562490940094 0
1702313319440 0.04364054277539253 0
1702313319520 0.04465567320585251 0
1702313319599 0.039374470710754395 0
1702313319677 0.04450696334242821 0
1702313319756 0.04214910417795181 0
1702313319833 0.04068879038095474 0
1702313319914 0.04317404329776764 0
1702313322883 0.04586503654718399 0
1702313322962 0.04044046252965927 0
1702313323245 0.0388270765542984 0
1702313323321 0.03958839923143387 0
1702313323402 0.0394582524895668 0
1702313323482 0.03812405467033386 0
1702313323562 0.0394098274409771 0
1702313323641 0.03864741325378418 0
1702313323721 0.04336903989315033 0
1702313323799 0.038028642535209656 0
1702313323878 0.03767411410808563 0
1702313323956 0.036627691239118576 0
1702313326913 0.04126681387424469 0
1702313326995 0.03638288378715515 0
1702313327410 0.03372544050216675 0
1702313327489 0.037188317626714706 0
1702313327569 0.03800670802593231 0
1702313327646 0.03304825350642204 0
1702313327724 0.03444061800837517 0
1702313327803 0.03302686661481857 0
1702313327880 0.03513854742050171 0
1702313327958 0.03255889564752579 0
1702313328037 0.03447812795639038 0
1702313328117 0.03376143053174019 0
1702313331130 0.031422123312950134 0
1702313331213 0.03146130591630936 0
1702313331295 0.03217882290482521 0
1702313331374 0.03301262855529785 0
1702313331456 0.03146432340145111 0
1702313331536 0.03099784441292286 0
1702313331616 0.03379980847239494 0
1702313331697 0.03578897565603256 0
1702313331778 0.03654610365629196 0
1702313331856 0.03095272369682789 0
1702313332253 0.032206133008003235 0
1702313332334 0.03330552577972412 0
1702313336576 0.03047187626361847 0
1702313336661 0.029279662296175957 0
1702313336747 0.029609907418489456 0
1702313336840 0.02978404052555561 0
1702313336922 0.02835150435566902 0
1702313337004 0.027920227497816086 0
1702313337086 0.03001883067190647 0
1702313337167 0.027500880882143974 0
1702313337248 0.030240224674344063 0
1702313337327 0.02840488776564598 0
1702313338034 0.030995262786746025 0
1702313338114 0.028808007016777992 0
1702313342596 0.02941219136118889 0
1702313342689 0.02864687889814377 0
1702313342769 0.027431517839431763 0
1702313342857 0.028108952566981316 0
1702313342937 0.027143942192196846 0
1702313343022 0.02853468433022499 0
1702313343120 0.028698354959487915 0
1702313343201 0.026168260723352432 0
1702313343281 0.025835074484348297 0
1702313343363 0.02749771438539028 0
1702313343864 0.026053179055452347 0
1702313343943 0.027927963063120842 0
1702313346993 0.02653868868947029 0
1702313347075 0.024176910519599915 0
1702313347802 0.028751879930496216 0
1702313347880 0.025256752967834473 0
1702313347957 0.025297626852989197 0
1702313348034 0.027289530262351036 0
1702313348113 0.025492191314697266 0
1702313348192 0.024804268032312393 0
1702313348271 0.027829553931951523 0
1702313348350 0.02434147149324417 0
1702313348510 0.028807131573557854 0
1702313348588 0.02381434664130211 0
1702313350399 0.025373656302690506 0
1702313350478 0.023847481235861778 0
1702313352042 0.024905091151595116 0
1702313352122 0.025810785591602325 0
1702313352200 0.02257077395915985 0
1702313352278 0.022927388548851013 0
1702313352357 0.02493041194975376 0
1702313352435 0.02260330691933632 0
1702313352512 0.022659340873360634 0
1702313352590 0.022530153393745422 0
1702313352671 0.02113027125597 0
1702313352749 0.022799203172326088 0
1702313353772 0.022699475288391113 0
1702313353850 0.023635081946849823 0
1702313355800 0.02482656203210354 0
1702313355897 0.021881498396396637 0
1702313355975 0.024165919050574303 0
1702313356061 0.024302929639816284 0
1702313356140 0.019669877365231514 0
1702313356218 0.021040385589003563 0
1702313356296 0.022526508197188377 0
1702313356372 0.02181626856327057 0
1702313356452 0.020265469327569008 0
1702313356532 0.020599866285920143 0
1702313357404 0.020493678748607635 0
1702313357517 0.021056832745671272 0
1702313359407 0.019527146592736244 0
1702313359491 0.020189350470900536 0
1702313359569 0.021338194608688354 0
1702313359646 0.02092597261071205 0
1702313359815 0.021519558504223824 0
1702313359893 0.020891068503260612 0
1702313359971 0.02386583760380745 0
1702313360050 0.020676909014582634 0
1702313360130 0.019156767055392265 0
1702313360206 0.020438749343156815 0
1702313361620 0.019577324390411377 0
1702313361697 0.01893206313252449 0
1702313362923 0.019564125686883926 0
1702313363003 0.022890621796250343 0
1702313363081 0.024057593196630478 0
1702313363191 0.018808774650096893 0
1702313364057 0.020640846341848373 0
1702313364134 0.0219721682369709 0
1702313364215 0.01772754266858101 0
1702313364295 0.016383789479732513 0
1702313364375 0.020420951768755913 0
1702313364454 0.01937873102724552 0
1702313366176 0.01742766983807087 0
1702313366253 0.017139079049229622 0
1702313367626 0.0197051502764225 0
1702313367703 0.01642606407403946 0
1702313367780 0.01868254318833351 0
1702313367858 0.01743544265627861 0
1702313368764 0.01917589269578457 0
1702313368844 0.022707216441631317 0
1702313368922 0.016429178416728973 0
1702313369003 0.01759849674999714 0
1702313369084 0.01886175014078617 0
1702313369175 0.018331248313188553 0
1702313370413 0.017829136922955513 0
1702313370490 0.022215690463781357 0
1702313371942 0.017179885879158974 0
1702313372024 0.018022455275058746 0
1702313372123 0.01767212338745594 0
1702313372204 0.016461355611681938 0
1702313374232 0.016917487606406212 0
1702313374315 0.01934530772268772 0
1702313374397 0.017304733395576477 0
1702313374482 0.016498727723956108 0
1702313374561 0.01592271402478218 0
1702313374643 0.01654038205742836 0
1702313375965 0.018620353192090988 0
1702313376045 0.018980424851179123 0
1702313378043 0.016238123178482056 0
1702313378130 0.017873667180538177 0
1702313378211 0.015749884769320488 0
1702313378305 0.01569809578359127 0
1702313380274 0.014025901444256306 0
1702313380354 0.014026368036866188 0
1702313380435 0.01477914210408926 0
1702313380516 0.019667141139507294 0
1702313380598 0.01675780862569809 0
1702313380678 0.015627147629857063 0
1702313382232 0.015416502952575684 0
1702313382313 0.016424790024757385 0
1702313383313 0.017116110771894455 0
1702313383395 0.016797685995697975 0
1702313383473 0.01788465864956379 0
1702313383554 0.01657777465879917 0
1702313384843 0.013597879558801651 0
1702313384924 0.012833679094910622 0
1702313385004 0.01448815781623125 0
1702313385082 0.01527668721973896 0
1702313385246 0.015226706862449646 0
1702313385324 0.01613985188305378 0
1702313387221 0.013291889801621437 0
1702313387304 0.01363991480320692 0
1702313387929 0.015316490083932877 0
1702313388005 0.01585293933749199 0
1702313388081 0.015235142782330513 0
1702313388159 0.01374097727239132 0
1702313389145 0.01418929174542427 0
1702313389221 0.014134115539491177 0
1702313389299 0.013106060214340687 0
1702313389377 0.014917283318936825 0
1702313389826 0.012232467532157898 0
1702313389906 0.01532665267586708 0
1702313391777 0.013287078589200974 0
1702313391858 0.012293757870793343 0
1702313391939 0.014722058549523354 0
1702313392409 0.01692923530936241 0
1702313392492 0.014562110416591167 0
1702313392573 0.014573204331099987 0
1702313393713 0.012357499450445175 0
1702313393796 0.012541059404611588 0
1702313393872 0.01657707989215851 0
1702313393952 0.015314687043428421 0
1702313394039 0.011762872338294983 0
1702313394115 0.010946003720164299 0
1702313396465 0.013053424656391144 0
1702313396549 0.011528246104717255 0
1702313396629 0.016430452466011047 0
1702313396904 0.013998815789818764 0
1702313396981 0.01361007522791624 0
1702313397060 0.014255793765187263 0
1702313398325 0.014770441688597202 0
1702313398409 0.014758209697902203 0
1702313398490 0.012040156871080399 0
1702313398569 0.015272006392478943 0
1702313398671 0.011410443112254143 0
1702313398751 0.012072095647454262 0
1702313401699 0.01414294820278883 0
1702313401780 0.012018677778542042 0
1702313401862 0.013750536367297173 0
1702313401939 0.011688563972711563 0
1702313402016 0.013980027288198471 0
1702313402094 0.012519516982138157 0
1702313402270 0.011803376488387585 0
1702313402347 0.010854030027985573 0
1702313402426 0.012331336736679077 0
1702313402503 0.011107112281024456 0
1702313403656 0.01041526161134243 0
1702313403736 0.013588037341833115 0
1702313405668 0.012147525325417519 0
1702313405746 0.011555436998605728 0
1702313405824 0.011307351291179657 0
1702313405901 0.011580614373087883 0
1702313405978 0.013200603425502777 0
1702313406054 0.010757634416222572 0
1702313406149 0.010172704234719276 0
1702313406321 0.010746529325842857 0
1702313406400 0.011312908492982388 0
1702313406479 0.014103696681559086 0
1702313407616 0.012605991214513779 0
1702313407694 0.010223655961453915 0
1702313410342 0.012265516445040703 0
1702313410427 0.011557523161172867 0
1702313410509 0.01132132951170206 0
1702313410586 0.012406722642481327 0
1702313410665 0.01035919226706028 0
1702313410743 0.010524597950279713 0
1702313410820 0.010036534629762173 0
1702313411141 0.009989224374294281 0
1702313411220 0.012348394840955734 0
1702313411297 0.009637526236474514 0
1702313411824 0.01001773215830326 0
1702313411903 0.009466546587646008 0
1702313414207 0.009612206369638443 0
1702313414289 0.00953708402812481 0
1702313414368 0.009325048886239529 0
1702313414446 0.011264177039265633 0
1702313414521 0.010188530199229717 0
1702313414600 0.013873530551791191 0
1702313415345 0.011757666245102882 0
1702313415565 0.013574016280472279 0
1702313415643 0.009406750090420246 0
1702313415721 0.012515567243099213 0
1702313415801 0.010530570521950722 0
1702313415878 0.010720574297010899 0
1702313418737 0.009342140518128872 0
1702313418818 0.009795745834708214 0
1702313418898 0.011449729092419147 0
1702313418976 0.010270447470247746 0
1702313419053 0.01234231423586607 0
1702313419128 0.01137018483132124 0
1702313419962 0.009682481177151203 0
1702313420042 0.009787815622985363 0
1702313420124 0.007787893060594797 0
1702313420203 0.011799173429608345 0
1702313420281 0.009205427020788193 0
1702313420358 0.012688360176980495 0
1702313423083 0.008598573505878448 0
1702313423167 0.009660370647907257 0
1702313423250 0.008307920768857002 0
1702313423329 0.011129848659038544 0
1702313423408 0.009056154638528824 0
1702313423487 0.009543766267597675 0
1702313424254 0.011597082950174809 0
1702313424531 0.009547569788992405 0
1702313424612 0.009657707065343857 0
1702313424690 0.01002487912774086 0
1702313424840 0.00931667909026146 0
1702313424918 0.009470682591199875 0
1702313427180 0.008906444534659386 0
1702313427261 0.011834537610411644 0
1702313427342 0.008255229331552982 0
1702313427497 0.007990717887878418 0
1702313427576 0.008640634827315807 0
1702313427655 0.011906164698302746 0
1702313428749 0.009522049687802792 0
1702313429125 0.006958183832466602 0
1702313429204 0.010285970754921436 0
1702313429283 0.009265502914786339 0
1702313429392 0.008947933092713356 0
1702313429471 0.009113507345318794 0
1702313431210 0.006916075013577938 0
1702313431289 0.011038277298212051 0
1702313431369 0.010225390084087849 0
1702313431812 0.010948104783892632 0
1702313431891 0.008982906118035316 0
1702313431969 0.012220810167491436 0
1702313433032 0.010051235556602478 0
1702313433971 0.007870232686400414 0
1702313434067 0.009486189112067223 0
1702313434146 0.00902252085506916 0
1702313434298 0.007449165917932987 0
1702313434378 0.008652674034237862 0
1702313435126 0.007883328944444656 0
1702313435205 0.010374793782830238 0
1702313435285 0.008906640112400055 0
1702313437329 0.008262256160378456 0
1702313437414 0.009575367905199528 0
1702313437498 0.00900368019938469 0
1702313438907 0.00839586928486824 0
1702313440457 0.008626800030469894 0
1702313440538 0.007638092152774334 0
1702313440625 0.008290188387036324 0
1702313440708 0.007568098604679108 0
1702313440789 0.009939666837453842 0
1702313441461 0.006671460345387459 0
1702313441540 0.007033928297460079 0
1702313441620 0.009808804839849472 0
1702313443591 0.00914948619902134 0
1702313443675 0.010222390294075012 0
1702313443755 0.008065463975071907 0
1702313445128 0.007062437478452921 0
1702313445998 0.006912723183631897 0
1702313446081 0.007679440546780825 0
1702313446163 0.01013016514480114 0
1702313446245 0.008720461279153824 0
1702313446328 0.008912947028875351 0
1702313447803 0.01621929556131363 0
1702313447887 0.008429254405200481 0
1702313447967 0.006698325742036104 0
1702313450066 0.009313642978668213 0
1702313450147 0.007730897981673479 0
1702313450230 0.007260711397975683 0
1702313451350 0.009356318041682243 0
1702313452117 0.009836672805249691 0
1702313452199 0.00850264448672533 0
1702313452286 0.007500519976019859 0
1702313452397 0.00694800540804863 0
1702313452481 0.008739370852708817 0
1702313453757 0.008580700494349003 0
1702313453835 0.008649397641420364 0
1702313453915 0.009688448160886765 0
1702313455519 0.006983107887208462 0
1702313455600 0.006462940480560064 0
1702313455679 0.007162139751017094 0
1702313456042 0.007301920559257269 0
1702313457544 0.007235309109091759 0
1702313457629 0.007919911295175552 0
1702313457709 0.008631959557533264 0
1702313457787 0.009037651121616364 0
1702313457868 0.00629070308059454 0
1702313458651 0.006362905725836754 0
1702313458729 0.006590616889297962 0
1702313458808 0.008734938688576221 0
1702313459505 0.009727666154503822 0
1702313459590 0.007010411471128464 0
1702313459670 0.006376172881573439 0
1702313460980 0.008882734924554825 0
1702313462445 0.008903887122869492 0
1702313462524 0.007438606582581997 0
1702313462602 0.007956062443554401 0
1702313462681 0.007900765165686607 0
1702313462761 0.008193486370146275 0
1702313464059 0.008084557950496674 0
1702313464137 0.008922253735363483 0
1702313464214 0.006646123714745045 0
1702313464292 0.008093669079244137 0
1702313464370 0.007031515706330538 0
1702313464448 0.007653306238353252 0
1702313465437 0.005801452323794365 0
1702313467118 0.0070821503177285194 0
1702313467199 0.00629150215536356 0
1702313467278 0.006549597252160311 0
1702313467358 0.008802719414234161 0
1702313467436 0.009941287338733673 0
1702313468234 0.006406437139958143 0
1702313468313 0.009340425953269005 0
1702313468392 0.0068526240065693855 0
1702313470221 0.006037725135684013 0
1702313470304 0.007011145353317261 0
1702313470384 0.011760768480598927 0
1702313470472 0.005950876511633396 0
1702313472510 0.007600530982017517 0
1702313472593 0.00645466148853302 0
1702313472675 0.0066252946853637695 0
1702313472757 0.005664344411343336 0
1702313472837 0.010069148615002632 0
1702313473954 0.007002655882388353 0
1702313474034 0.006808431353420019 0
1702313474115 0.007442953065037727 0
1702313476534 0.006655980832874775 0
1702313476618 0.00786101259291172 0
1702313476704 0.008675173856317997 0
1702313476786 0.00581513624638319 0
1702313477838 0.006933981087058783 0
1702313477914 0.006423315964639187 0
1702313477992 0.0064766667783260345 0
1702313478074 0.007229490205645561 0
1702313478155 0.0076757268980145454 0
1702313479192 0.008059567771852016 0
1702313479271 0.01078280434012413 0
1702313479350 0.009023068472743034 0
1702313480875 0.0075879874639213085 0
1702313480957 0.007219922263175249 0
1702313481035 0.007471020333468914 0
1702313481116 0.009755478240549564 0
1702313482473 0.00594948697835207 0
1702313482551 0.007125316187739372 0
1702313482631 0.005331126041710377 0
1702313482708 0.006597105413675308 0
1702313482787 0.006906782276928425 0
1702313483259 0.005709079559892416 0
1702313483338 0.0046271407045423985 0
1702313483416 0.007604621816426516 0
1702313485249 0.00526095274835825 0
1702313485328 0.007362557575106621 0
1702313485405 0.008876020088791847 0
1702313485482 0.005488818511366844 0
1702313487529 0.010511964559555054 0
1702313487615 0.006650913506746292 0
1702313487702 0.00840647704899311 0
1702313487782 0.006730547174811363 0
1702313487860 0.007058922201395035 0
1702313487939 0.007235688157379627 0
1702313488017 0.01140639279037714 0
1702313488095 0.005952054634690285 0
1702313489797 0.006175568792968988 0
1702313489875 0.0068526491522789 0
1702313489953 0.006318548694252968 0
1702313490030 0.005216682329773903 0
1702313491715 0.00548511603847146 0
1702313491793 0.007751586847007275 0
1702313491871 0.005285010673105717 0
1702313491948 0.00576024828478694 0
1702313492026 0.007176256738603115 0
1702313492107 0.006871025077998638 0
1702313492187 0.005857156589627266 0
1702313492271 0.007605318911373615 0
1702313494895 0.005234147422015667 0
1702313494976 0.006460017524659634 0
1702313495056 0.006545053794980049 0
1702313495134 0.0066148024052381516 0
1702313496328 0.005902189761400223 0
1702313496407 0.005114417523145676 0
1702313496487 0.005713288672268391 0
1702313496566 0.006872703321278095 0
1702313496646 0.008907442912459373 0
1702313496724 0.006034739315509796 0
1702313496800 0.006795864552259445 0
1702313496878 0.004255914129316807 0
1702313499319 0.009389545768499374 0
1702313499402 0.006187162362039089 0
1702313499482 0.007860246114432812 0
1702313499561 0.010051116347312927 0
1702313500906 0.006381763610988855 0
1702313500985 0.008363541215658188 0
1702313501062 0.006261346861720085 0
1702313501141 0.005265329498797655 0
1702313501219 0.006262743845582008 0
1702313501298 0.009125806391239166 0
1702313501377 0.0051228199154138565 0
1702313501456 0.006066945847123861 0
1702313503072 0.005546691827476025 0
1702313503151 0.0036512925289571285 0
1702313503228 0.006382651627063751 0
1702313503307 0.006653525400906801 0
1702313505470 0.005215909332036972 0
1702313505554 0.006133093032985926 0
1702313505634 0.008349784649908543 0
1702313505711 0.006115607917308807 0
1702313505790 0.006657969672232866 0
1702313505868 0.005891208536922932 0
1702313505947 0.0067772213369607925 0
1702313506025 0.005553831346333027 0
1702313507209 0.005353936925530434 0
1702313507285 0.004749742336571217 0
1702313507364 0.006956648547202349 0
1702313507440 0.004653584212064743 0
1702313509871 0.004302309360355139 0
1702313509955 0.0085759237408638 0
1702313510036 0.006390304304659367 0
1702313510112 0.006793173495680094 0
1702313510195 0.004610023461282253 0
1702313510277 0.005118139088153839 0
1702313510357 0.0051922909915447235 0
1702313510434 0.007223279215395451 0
1702313510818 0.007300840690732002 0
1702313510899 0.0068924399092793465 0
1702313510981 0.0037761470302939415 0
1702313511062 0.004210206679999828 0
1702313515207 0.0039909034967422485 0
1702313515291 0.005574273876845837 0
1702313515372 0.006997021846473217 0
1702313515452 0.005658373236656189 0
1702313515543 0.004936897661536932 0
1702313515624 0.006885155104100704 0
1702313515705 0.0044795311987400055 0
1702313515787 0.004779812879860401 0
1702313516733 0.004730508662760258 0
1702313516814 0.006248082034289837 0
1702313516893 0.005033269990235567 0
1702313516971 0.004661256447434425 0
1702313521041 0.005345232784748077 0
1702313521120 0.003566401544958353 0
1702313521204 0.005509638227522373 0
1702313521287 0.004071398638188839 0
1702313521367 0.006307736970484257 0
1702313521448 0.0041779037564992905 0
1702313521533 0.0037261201068758965 0
1702313521616 0.00390932010486722 0
1702313522122 0.0047660935670137405 0
1702313522200 0.004285399802029133 0
1702313522280 0.007318326272070408 0
1702313522357 0.005751113872975111 0
1702313525733 0.0059915995225310326 0
1702313525814 0.006145412102341652 0
1702313525895 0.004946632776409388 0
1702313525973 0.005889549385756254 0
1702313526049 0.004348744638264179 0
1702313526130 0.004429856315255165 0
1702313526211 0.003499379148706794 0
1702313526291 0.0031406900379806757 0
1702313526647 0.004120934288948774 0
1702313526729 0.004622661508619785 0
1702313526810 0.0065594688057899475 0
1702313526889 0.00656599085777998 0
1702313529943 0.004992724396288395 0
1702313530025 0.006257984787225723 0
1702313530105 0.0049977232702076435 0
1702313530186 0.004859393462538719 0
1702313530265 0.00579900573939085 0
1702313530344 0.006940916180610657 0
1702313530422 0.004331613890826702 0
1702313530498 0.0034017444122582674 0
1702313531093 0.005422480870038271 0
1702313531171 0.007558478973805904 0
1702313531248 0.004881719127297401 0
1702313531326 0.004698669537901878 0
1702313534324 0.006159190554171801 0
1702313534405 0.004821655340492725 0
1702313534485 0.006706966552883387 0
1702313534563 0.0037930570542812347 0
1702313534641 0.004020758904516697 0
1702313534721 0.003928191959857941 0
1702313534801 0.0046459827572107315 0
1702313534882 0.005271352827548981 0
1702313535495 0.005791691597551107 0
1702313535575 0.0044777835719287395 0
1702313535654 0.0048505282029509544 0
1702313535730 0.006389440502971411 0
1702313538525 0.007915984839200974 0
1702313538611 0.005577084142714739 0
1702313538693 0.0037034533452242613 0
1702313538772 0.008487077429890633 0
1702313538851 0.006089069880545139 0
1702313538930 0.003523268038406968 0
1702313539013 0.004514048807322979 0
1702313539091 0.0038737887516617775 0
1702313539670 0.005146285984665155 0
1702313539750 0.0052642603404819965 0
1702313539833 0.004121920093894005 0
1702313539911 0.0039042800199240446 0
1702313544302 0.00962468795478344 0
1702313544388 0.005188598297536373 0
1702313544467 0.004266606643795967 0
1702313544543 0.004595138132572174 0
1702313544622 0.005710527300834656 0
1702313544700 0.006971635855734348 0
1702313544778 0.005238997749984264 0
1702313544856 0.005774932913482189 0
1702313545119 0.003478003665804863 0
1702313545197 0.004793262574821711 0
1702313545275 0.004052244126796722 0
1702313545356 0.0051678502932190895 0
1702313548783 0.0036646141670644283 0
1702313548866 0.005693958606570959 0
1702313548945 0.004742495249956846 0
1702313549023 0.0044059911742806435 0
1702313549100 0.0062751080840826035 0
1702313549177 0.0035976350773125887 0
1702313549252 0.004040222615003586 0
1702313549330 0.006718169432133436 0
1702313549409 0.003987404517829418 0
1702313549490 0.005681854672729969 0
1702313549571 0.0031764195300638676 0
1702313549651 0.003367096185684204 0
1702313552806 0.003800635691732168 0
1702313552885 0.00408422714099288 0
1702313552963 0.004115356598049402 0
1702313553044 0.0033110547810792923 0
1702313553125 0.006656300276517868 0
1702313553204 0.003927422221750021 0
1702313553284 0.005915789864957333 0
1702313553362 0.004821043461561203 0
1702313553673 0.0033201687037944794 0
1702313553754 0.004140677861869335 0
1702313553838 0.0028280913829803467 0
1702313553923 0.003534533316269517 0
1702313556501 0.0035076215863227844 0
1702313556584 0.005305848084390163 0
1702313556663 0.004818834364414215 0
1702313556741 0.003698732703924179 0
1702313556818 0.0074776774272322655 0
1702313556897 0.0032506263814866543 0
1702313556973 0.007044462487101555 0
1702313557051 0.0033824509009718895 0
1702313558501 0.003923632204532623 0
1702313558579 0.0048912460915744305 0
1702313558657 0.0038595153018832207 0
1702313558736 0.007065156474709511 0
1702313560576 0.005134760867804289 0
1702313560656 0.00510620791465044 0
1702313560733 0.0038689777720719576 0
1702313560808 0.0030818795785307884 0
1702313560885 0.004804785829037428 0
1702313560963 0.0028189541772007942 0
1702313561040 0.004298266489058733 0
1702313561118 0.0035652341321110725 0
1702313562814 0.004378869663923979 0
1702313562895 0.007246449589729309 0
1702313562977 0.006195038557052612 0
1702313563054 0.0029682484455406666 0
1702313564584 0.004317427985370159 0
1702313564662 0.0032575600780546665 0
1702313564738 0.003683004528284073 0
1702313564816 0.0033543603494763374 0
1702313564894 0.008320740424096584 0
1702313564971 0.004013269208371639 0
1702313565047 0.003438217332586646 0
1702313565125 0.004137847572565079 0
1702313567173 0.006314024794846773 0
1702313567262 0.002599128056317568 0
1702313567340 0.003718662541359663 0
1702313567418 0.003261805512011051 0
1702313568605 0.006110582035034895 0
1702313568694 0.003677393775433302 0
1702313568774 0.006187146529555321 0
1702313568851 0.0029295282438397408 0
1702313568931 0.0037258435040712357 0
1702313569011 0.005507749505341053 0
1702313569089 0.004656415432691574 0
1702313569169 0.004073363728821278 0
1702313571860 0.00368901458568871 0
1702313571941 0.003838746575638652 0
1702313572023 0.0040260199457407 0
1702313572102 0.004834480583667755 0
1702313573318 0.004912001080811024 0
1702313573396 0.007759588770568371 0
1702313573476 0.0029238497372716665 0
1702313573554 0.0033324197866022587 0
1702313573633 0.0023492416366934776 0
1702313573715 0.0041244314052164555 0
1702313573795 0.004585673101246357 0
1702313573877 0.002787686651572585 0
1702313576736 0.003806221764534712 0
1702313576820 0.00497263902798295 0
1702313576899 0.0028150135185569525 0
1702313576978 0.002076601143926382 0
1702313578405 0.003879464929923415 0
1702313578483 0.0031633111648261547 0
1702313578560 0.0042821322567760944 0
1702313578639 0.0025784787721931934 0
1702313578717 0.00565148051828146 0
1702313578796 0.003588940016925335 0
1702313578874 0.004830567166209221 0
1702313578953 0.002921940293163061 0
1702313581824 0.003516492899507284 0
1702313581905 0.0027485168538987637 0
1702313581984 0.006280099973082542 0
1702313582064 0.005098389461636543 0
1702313583080 0.003373723244294524 0
1702313583158 0.0061155580915510654 0
1702313583234 0.0030105016194283962 0
1702313583312 0.004870180506259203 0
1702313583389 0.003339731367304921 0
1702313583468 0.003333213273435831 0
1702313583545 0.0039454735815525055 0
1702313583623 0.003795381635427475 0
1702313586327 0.003235212527215481 0
1702313586410 0.006978645920753479 0
1702313586486 0.002854979829862714 0
1702313586564 0.0038196968380361795 0
1702313586991 0.006962220650166273 0
1702313587071 0.0034049898386001587 0
1702313587148 0.002976206364110112 0
1702313587226 0.004025185480713844 0
1702313587305 0.0029365201480686665 0
1702313587383 0.00439048744738102 0
1702313587460 0.004601113498210907 0
1702313587539 0.003668965073302388 0
1702313590472 0.0041308216750621796 0
1702313590555 0.0065056150779128075 0
1702313590636 0.006586219184100628 0
1702313590716 0.0025154754985123873 0
1702313591139 0.003709878772497177 0
1702313591217 0.0027529490180313587 0
1702313591293 0.0045175799168646336 0
1702313591371 0.0026708063669502735 0
1702313591449 0.003993150778114796 0
1702313591528 0.005301290191709995 0
1702313591606 0.002571641467511654 0
1702313591685 0.004425317049026489 0
1702313594559 0.005531728267669678 0
1702313594641 0.0047021228820085526 0
1702313594720 0.002648661145940423 0
1702313594797 0.0033080847933888435 0
1702313594874 0.006854032166302204 0
1702313594952 0.004046226851642132 0
1702313595030 0.003512635128572583 0
1702313595112 0.003665574826300144 0
1702313595190 0.002748864470049739 0
1702313595269 0.002193411346524954 0
1702313595349 0.006707704160362482 0
1702313595429 0.003950012847781181 0
1702313598565 0.0046733831986784935 0
1702313598647 0.0026418317575007677 0
1702313598726 0.003644729033112526 0
1702313598804 0.0030884514562785625 0
1702313598999 0.0033363939728587866 0
1702313599077 0.004565374925732613 0
1702313599156 0.00305456155911088 0
1702313599234 0.002555485814809799 0
1702313599312 0.0046088858507573605 0
1702313599392 0.0049099065363407135 0
1702313599470 0.0016714681405574083 0
1702313599549 0.007570330519229174 0
1702313602823 0.003767522517591715 0
1702313602905 0.004309137351810932 0
1702313602988 0.0035408292897045612 0
1702313603067 0.004717332310974598 0
1702313603145 0.00527613190934062 0
1702313603223 0.005041724070906639 0
1702313603301 0.0033308130223304033 0
1702313603380 0.006562492810189724 0
1702313603459 0.004411740694195032 0
1702313603536 0.003457330632954836 0
1702313603615 0.008057823404669762 0
1702313603694 0.004376888275146484 0
1702313607246 0.004961554426699877 0
1702313607329 0.0030204595532268286 0
1702313607411 0.006320076994597912 0
1702313607488 0.0034657602664083242 0
1702313607563 0.0023003641981631517 0
1702313607640 0.00421518087387085 0
1702313607718 0.002659861696884036 0
1702313607799 0.0037526842206716537 0
1702313607879 0.0033412007614970207 0
1702313607958 0.0026724343188107014 0
1702313608036 0.002621154300868511 0
1702313608116 0.004916789475828409 0
1702313611522 0.004113935865461826 0
1702313611605 0.004133899696171284 0
1702313611683 0.003206464694812894 0
1702313611761 0.0021361904218792915 0
1702313611837 0.003923229407519102 0
1702313611916 0.0027595749124884605 0
1702313611993 0.003358849324285984 0
1702313612071 0.0023494623601436615 0
1702313612148 0.003718928201124072 0
1702313612227 0.002879634965211153 0
1702313612306 0.007123572751879692 0
1702313612385 0.0027613015845417976 0
1702313616045 0.004894981160759926 0
1702313616130 0.00607630331069231 0
1702313616216 0.0036576620768755674 0
1702313616296 0.0047171153128147125 0
1702313616375 0.0022275063674896955 0
1702313616455 0.0064641451463103294 0
1702313616534 0.002803817391395569 0
1702313616612 0.003747871145606041 0
1702313616689 0.005406990647315979 0
1702313616768 0.005001948680728674 0
1702313616846 0.002222754992544651 0
1702313616925 0.0036056851968169212 0
1702313620506 0.004839212633669376 0
1702313620588 0.0032379510812461376 0
1702313620668 0.0033981124870479107 0
1702313620746 0.0047072963789105415 0
1702313620823 0.0021445893216878176 0
1702313620901 0.002890549600124359 0
1702313620978 0.0035812286660075188 0
1702313621058 0.002424658741801977 0
1702313621137 0.0030131591483950615 0
1702313621216 0.0026016035117208958 0
1702313621294 0.004974445328116417 0
1702313621374 0.0035943256225436926 0
1702313624742 0.004914343357086182 0
1702313624826 0.002548772841691971 0
1702313624907 0.005671835504472256 0
1702313624986 0.004743550904095173 0
1702313625066 0.004113764502108097 0
1702313625145 0.007097393739968538 0
1702313625225 0.00545585248619318 0
1702313625304 0.004889533855021 0
1702313625382 0.0026785610243678093 0
1702313625461 0.003352819010615349 0
1702313625539 0.002655745018273592 0
1702313625620 0.002755647525191307 0
1702313628765 0.003662752453237772 0
1702313628846 0.004384948406368494 0
1702313628924 0.004665950313210487 0
1702313629000 0.003991185687482357 0
1702313629078 0.0028134132735431194 0
1702313629155 0.002286649774760008 0
1702313629232 0.0043688248842954636 0
1702313629311 0.0035707498900592327 0
1702313629390 0.0037273468915373087 0
1702313629467 0.004176765214651823 0
1702313629546 0.0044238753616809845 0
1702313629625 0.0028176389168947935 0
1702313633603 0.003407759591937065 0
1702313633683 0.0018455469980835915 0
1702313633762 0.003243213053792715 0
1702313633841 0.002805926837027073 0
1702313633920 0.0073747942224144936 0
1702313634000 0.007848886772990227 0
1702313634082 0.004727082327008247 0
1702313634163 0.0037839566357433796 0
1702313634241 0.0037904526107013226 0
1702313634320 0.0029866190161556005 0
1702313634396 0.002049056813120842 0
1702313634476 0.004095349460840225 0
1702313638952 0.004074734169989824 0
1702313639036 0.004871244542300701 0
1702313639119 0.0031331973150372505 0
1702313639200 0.0046045188792049885 0
1702313639282 0.004145766608417034 0
1702313639362 0.003410401288419962 0
1702313639442 0.004210267681628466 0
1702313639522 0.005564538761973381 0
1702313639601 0.002879696898162365 0
1702313639683 0.0037775258533656597 0
1702313639762 0.0021731627639383078 0
1702313639846 0.004077735356986523 0
1702313644253 0.002557220170274377 0
1702313644336 0.004245915450155735 0
1702313644420 0.004995276220142841 0
1702313644497 0.0036272983998060226 0
1702313644575 0.005906734615564346 0
1702313644654 0.0030675027519464493 0
1702313644731 0.004170690663158894 0
1702313644809 0.00503454590216279 0
1702313644885 0.004806064069271088 0
1702313644964 0.0037102331407368183 0
1702313645045 0.003667771350592375 0
1702313645123 0.002905780915170908 0
1702313647599 0.00315553299151361 0
1702313647680 0.002913182135671377 0
1702313647762 0.0031530028209090233 0
1702313647844 0.0026002968661487103 0
1702313647924 0.004690477158874273 0
1702313648001 0.0041100275702774525 0
1702313648087 0.004262274596840143 0
1702313648170 0.0022862269543111324 0
1702313648251 0.004319906234741211 0
1702313648333 0.003072415478527546 0
1702313648412 0.0033434962388128042 0
1702313648491 0.003927229903638363 0
1702313654261 0.004349550697952509 0
1702313654349 0.0034953488502651453 0
1702313654434 0.006406506523489952 0
1702313654514 0.004684679675847292 0
1702313654594 0.002287435345351696 0
1702313654677 0.0035172367934137583 0
1702313654757 0.0025958989281207323 0
1702313654839 0.0019124504178762436 0
1702313654920 0.0034118928015232086 0
1702313655001 0.0033063155133277178 0
1702313655082 0.003237035358324647 0
1702313655165 0.005037005990743637 0
1702313660522 0.0028425033669918776 0
1702313660604 0.003288776148110628 0
1702313660683 0.0034880642779171467 0
1702313660762 0.00210773479193449 0
1702313660841 0.004135041031986475 0
1702313660920 0.0033637997694313526 0
1702313661007 0.003470474388450384 0
1702313661098 0.0044448841363191605 0
1702313661182 0.004168416373431683 0
1702313661263 0.002554471604526043 0
1702313661344 0.0028275614604353905 0
1702313661424 0.009134527295827866 0
1702313665940 0.0013492268044501543 0
1702313666024 0.004671283066272736 0
1702313666103 0.003062168136239052 0
1702313666186 0.002953154966235161 0
1702313666266 0.0034433272667229176 0
1702313666351 0.003422254230827093 0
1702313666431 0.004723323974758387 0
1702313666510 0.0031472607515752316 0
1702313666589 0.0028153415769338608 0
1702313666669 0.0029838611371815205 0
1702313666748 0.0027901730500161648 0
1702313667276 0.0028718234971165657 0
1702313671393 0.0024217735044658184 0
1702313671475 0.0022268365137279034 0
1702313671555 0.003849043743684888 0
1702313671640 0.002067867200821638 0
1702313671719 0.002248181262984872 0
1702313671800 0.002786023076623678 0
1702313671878 0.003227236680686474 0
1702313671957 0.00237686512991786 0
1702313672037 0.0032812063582241535 0
1702313672115 0.0014160042628645897 0
1702313672197 0.002064248314127326 0
1702313673091 0.004366997629404068 0
1702313677065 0.0013613037299364805 0
1702313677204 0.004314425401389599 0
1702313677733 0.010602788999676704 0
1702313677819 0.002804321236908436 0
1702313677899 0.0025363133754581213 0
1702313677980 0.0033149218652397394 0
1702313678061 0.0024061244912445545 0
1702313678143 0.0037535252049565315 0
1702313678225 0.0014561560237780213 0
1702313678307 0.0017942024860531092 0
1702313678391 0.004549042321741581 0
1702313678679 0.00482836551964283 0
1702313682652 0.0033571054227650166 0
1702313682738 0.005093130748718977 0
1702313683149 0.0036480557173490524 0
1702313683228 0.002510504797101021 0
1702313683306 0.002827530028298497 0
1702313683385 0.0035769755486398935 0
1702313683466 0.003312524873763323 0
1702313683553 0.0034284687135368586 0
1702313683634 0.004228481091558933 0
1702313683715 0.002470186445862055 0
1702313683795 0.0031380034051835537 0
1702313684222 0.0037496648728847504 0
1702313689071 0.0026349499821662903 0
1702313689155 0.0019049948314204812 0
1702313689236 0.003722985740751028 0
1702313689485 0.0025710687041282654 0
1702313689565 0.004636701196432114 0
1702313689645 0.0023640706203877926 0
1702313689725 0.0035197478719055653 0
1702313689806 0.006050683557987213 0
1702313689886 0.003024181118234992 0
1702313689968 0.010033737868070602 0
1702313690046 0.003794525982812047 0
1702313690127 0.0041268751956522465 0
1702313693932 0.003943281248211861 0
1702313694022 0.006059035658836365 0
1702313694108 0.0020259441807866096 0
1702313694234 0.00267512327991426 0
1702313694315 0.002395038492977619 0
1702313694396 0.003941186238080263 0
1702313694475 0.00443860562518239 0
1702313694558 0.004928110633045435 0
1702313694644 0.00390860578045249 0
1702313694725 0.005758847109973431 0
1702313694806 0.0017302024643868208 0
1702313694889 0.005014892667531967 0
1702313702692 0.0035427450202405453 0
1702313702799 0.004684388637542725 0
1702313702911 0.0049113379791378975 0
1702313703044 0.0022092401050031185 0
1702313703168 0.0034433426335453987 0
1702313703258 0.00452826265245676 0
1702313703369 0.0025755763053894043 0
1702313703448 0.003964660689234734 0
1702313703529 0.005315755493938923 0
1702313703621 0.0022979469504207373 0
1702313703701 0.002314257901161909 0
1702313703806 0.004196880850940943 0
1702313711812 0.00387854827567935 0
1702313712091 0.0024031829088926315 0
1702313712189 0.002513202605769038 0
1702313712289 0.0031966683454811573 0
1702313712380 0.004122798331081867 0
1702313712474 0.002402761485427618 0
1702313712553 0.0025789698120206594 0
1702313712632 0.002335999393835664 0
1702313712715 0.004114076960831881 0
1702313712839 0.004212914500385523 0
1702313712926 0.004053676035255194 0
1702313713006 0.005424408242106438 0
1702313719710 0.004792327061295509 0
